[6], 601374, 0.607447, 1
[3], 450031, 0.454576, 2
[11], 364065, 0.367742, 3
[6 11], 324013, 0.327285, 3
[3 6], 265180, 0.267858, 3
[1], 197522, 0.199517, 4
[3 11], 161286, 0.162915, 4
[3 6 11], 143682, 0.145133, 4
[1 6], 132113, 0.133447, 4
[1 11], 91882, 0.092810, 4
[218], 88598, 0.089493, 5
[7], 86898, 0.087776, 6
[1 6 11], 86092, 0.086961, 6
[1 3], 84660, 0.085515, 6
[4], 78097, 0.078886, 7
[6 218], 77675, 0.078459, 7
[6 7], 73610, 0.074353, 7
[27], 72134, 0.072862, 8
[148], 69922, 0.070628, 9
[55], 65412, 0.066073, 10
[6 148], 64750, 0.065404, 10
[11 218], 61656, 0.062279, 10
[6 11 218], 60630, 0.061242, 10
[6 27], 59418, 0.060018, 10
[148 218], 58823, 0.059417, 10
[1 3 6], 57802, 0.058386, 10
[7 11], 57074, 0.057650, 10
[6 148 218], 56838, 0.057412, 10
[6 7 11], 55835, 0.056399, 10
[11 148], 55759, 0.056322, 10
[6 11 148], 55230, 0.055788, 10
[11 148 218], 50098, 0.050604, 10
[6 11 148 218], 49866, 0.050370, 10
[64], 48262, 0.048749, 11
[11 27], 46103, 0.046569, 11
[4 6], 45377, 0.045835, 11
[6 11 27], 44923, 0.045377, 11
[77], 43454, 0.043893, 12
[2], 42927, 0.043361, 13
[1 3 11], 40268, 0.040675, 13
[7 27], 40235, 0.040641, 13
[6 64], 39697, 0.040098, 13
[6 55], 38875, 0.039268, 13
[3 218], 38673, 0.039064, 13
[3 7], 38659, 0.039049, 13
[1 3 6 11], 37743, 0.038124, 13
[6 77], 37654, 0.038034, 13
[6 7 27], 37397, 0.037775, 13
[3 4], 35438, 0.035796, 13
[138], 35127, 0.035482, 14
[3 6 218], 33978, 0.034321, 14
[3 6 7], 32895, 0.033227, 14
[294], 32247, 0.032573, 15
[83], 32212, 0.032537, 16
[1 218], 32127, 0.032451, 16
[3 27], 32027, 0.032350, 16
[7 11 27], 30839, 0.031150, 16
[11 64], 30677, 0.030987, 16
[6 7 11 27], 30567, 0.030876, 16
[11 77], 30409, 0.030716, 16
[3 148], 30330, 0.030636, 16
[1 6 218], 30182, 0.030487, 16
[6 83], 29983, 0.030286, 16
[6 11 64], 29865, 0.030167, 16
[6 11 77], 29830, 0.030131, 16
[3 55], 29663, 0.029963, 16
[2 6], 29619, 0.029918, 16
[6 138], 28750, 0.029040, 16
[3 6 148], 28097, 0.028381, 16
[1 148], 28049, 0.028332, 16
[316], 27852, 0.028133, 17
[4 11], 27433, 0.027710, 17
[1 6 148], 27020, 0.027293, 17
[3 11 218], 26973, 0.027245, 17
[3 6 27], 26522, 0.026790, 17
[3 6 11 218], 26501, 0.026769, 17
[1 11 218], 25790, 0.026050, 17
[1 6 11 218], 25608, 0.025867, 17
[3 7 11], 25533, 0.025791, 17
[3 148 218], 25363, 0.025619, 17
[1 148 218], 25267, 0.025522, 17
[3 6 7 11], 24971, 0.025223, 17
[1 6 148 218], 24709, 0.024959, 17
[3 6 148 218], 24526, 0.024774, 17
[4 6 11], 24408, 0.024654, 17
[1 11 148], 24345, 0.024591, 17
[11 55], 24334, 0.024580, 17
[1 6 11 148], 24242, 0.024487, 17
[3 11 148], 24207, 0.024451, 17
[40], 24082, 0.024325, 18
[11 83], 24077, 0.024320, 18
[3 6 11 148], 23969, 0.024211, 18
[6 11 83], 23881, 0.024122, 18
[1 7], 23817, 0.024058, 18
[136], 23679, 0.023918, 19
[446], 23270, 0.023505, 20
[490], 23225, 0.023460, 21
[69], 22631, 0.022860, 22
[1 11 148 218], 22502, 0.022729, 22
[6 316], 22466, 0.022693, 22
[1 6 11 148 218], 22444, 0.022671, 22
[6 40], 22264, 0.022489, 22
[90], 22062, 0.022285, 23
[6 11 55], 21940, 0.022162, 23
[1 6 7], 21733, 0.021952, 23
[3 11 148 218], 21630, 0.021848, 23
[215], 21592, 0.021810, 24
[11 138], 21566, 0.021784, 24
[3 6 11 148 218], 21528, 0.021745, 24
[205], 21373, 0.021589, 25
[6 90], 21288, 0.021503, 25
[303], 21246, 0.021461, 26
[6 136], 21189, 0.021403, 26
[3 64], 21175, 0.021389, 26
[3 4 6], 21112, 0.021325, 26
[6 11 138], 21008, 0.021220, 26
[2 11], 20826, 0.021036, 26
[3 11 27], 20629, 0.020837, 26
[6 69], 20439, 0.020645, 26
[278], 20114, 0.020317, 27
[3 6 11 27], 20086, 0.020289, 27
[1 27], 19793, 0.019993, 27
[2 6 11], 19624, 0.019822, 27
[6 205], 19482, 0.019679, 27
[2 3], 19438, 0.019634, 27
[3 77], 19283, 0.019478, 27
[6 446], 19240, 0.019434, 27
[11 90], 19057, 0.019249, 27
[6 11 90], 18979, 0.019171, 27
[6 294], 18949, 0.019140, 27
[6 303], 18936, 0.019127, 27
[438], 18910, 0.019101, 28
[6 215], 18842, 0.019032, 28
[73], 18749, 0.018938, 29
[87], 18484, 0.018671, 30
[6 438], 18380, 0.018566, 30
[269], 18343, 0.018528, 31
[135], 18313, 0.018498, 32
[1 7 11], 18220, 0.018404, 32
[1 6 7 11], 18035, 0.018217, 32
[11 40], 18029, 0.018211, 32
[3 6 55], 17975, 0.018157, 32
[6 11 40], 17862, 0.018042, 32
[11 316], 17837, 0.018017, 32
[3 7 27], 17830, 0.018010, 32
[1 6 27], 17828, 0.018008, 32
[987], 17804, 0.017984, 33
[6 135], 17689, 0.017868, 33
[737], 17645, 0.017823, 34
[3 6 64], 17455, 0.017631, 34
[6 11 316], 17311, 0.017486, 34
[11 136], 17215, 0.017389, 34
[273], 17177, 0.017350, 35
[11 69], 17035, 0.017207, 35
[6 11 136], 16962, 0.017133, 35
[6 87], 16874, 0.017044, 35
[7 218], 16864, 0.017034, 35
[6 11 69], 16824, 0.016994, 35
[3 6 77], 16731, 0.016900, 35
[11 438], 16620, 0.016788, 35
[3 6 7 27], 16581, 0.016748, 35
[6 11 438], 16564, 0.016731, 35
[7 87], 16499, 0.016666, 35
[6 987], 16430, 0.016596, 35
[6 7 218], 16389, 0.016555, 35
[7 83], 16171, 0.016334, 35
[6 278], 16050, 0.016212, 35
[6 7 83], 15964, 0.016125, 35
[11 205], 15855, 0.016015, 35
[11 135], 15819, 0.015979, 35
[11 303], 15788, 0.015947, 35
[56], 15752, 0.015911, 36
[6 11 135], 15747, 0.015906, 36
[6 11 205], 15673, 0.015831, 36
[6 11 303], 15559, 0.015716, 36
[11 215], 15548, 0.015705, 36
[3 138], 15546, 0.015703, 36
[6 737], 15501, 0.015658, 36
[6 7 87], 15435, 0.015591, 36
[1 64], 15390, 0.015545, 36
[6 11 215], 15309, 0.015464, 36
[6 273], 15270, 0.015424, 36
[3 294], 15246, 0.015400, 36
[6 56], 15151, 0.015304, 36
[1 11 27], 15077, 0.015229, 36
[6 269], 15038, 0.015190, 36
[11 446], 14981, 0.015132, 36
[1 6 11 27], 14906, 0.015057, 36
[7 148], 14851, 0.015001, 36
[314], 14842, 0.014992, 37
[1 4], 14645, 0.014793, 37
[6 11 446], 14632, 0.014780, 37
[6 7 148], 14585, 0.014732, 37
[504], 14546, 0.014693, 38
[27 205], 14511, 0.014658, 38
[7 11 218], 14307, 0.014451, 38
[897], 14297, 0.014441, 39
[6 7 11 218], 14267, 0.014411, 39
[7 205], 14246, 0.014390, 39
[1 77], 14142, 0.014285, 39
[3 83], 14138, 0.014281, 39
[1 6 64], 14001, 0.014142, 39
[1 3 218], 13928, 0.014069, 39
[11 87], 13836, 0.013976, 39
[6 11 87], 13696, 0.013834, 39
[3 7 11 27], 13689, 0.013827, 39
[6 27 205], 13663, 0.013801, 39
[3 6 7 11 27], 13574, 0.013711, 39
[3 11 64], 13518, 0.013655, 39
[2 3 6], 13515, 0.013651, 39
[6 490], 13512, 0.013648, 39
[27 87], 13491, 0.013627, 39
[11 56], 13483, 0.013619, 39
[3 11 77], 13482, 0.013618, 39
[27 218], 13436, 0.013572, 39
[6 11 56], 13418, 0.013554, 39
[6 7 205], 13372, 0.013507, 39
[7 148 218], 13366, 0.013501, 39
[148 987], 13316, 0.013450, 39
[6 314], 13281, 0.013415, 39
[7 11 148], 13244, 0.013378, 39
[6 7 11 148], 13216, 0.013349, 39
[1 6 77], 13216, 0.013349, 39
[6 7 148 218], 13204, 0.013337, 39
[3 6 11 77], 13198, 0.013331, 39
[11 987], 13191, 0.013324, 39
[3 6 83], 13167, 0.013300, 39
[3 6 11 64], 13146, 0.013279, 39
[6 897], 13068, 0.013200, 39
[6 11 987], 13061, 0.013193, 39
[1 3 6 218], 13060, 0.013192, 39
[6 27 218], 13033, 0.013165, 39
[6 148 987], 12993, 0.013124, 39
[7 11 83], 12983, 0.013114, 39
[1 55], 12963, 0.013094, 39
[6 7 11 83], 12961, 0.013092, 39
[512], 12921, 0.013051, 40
[3 4 11], 12872, 0.013002, 40
[27 83], 12872, 0.013002, 40
[3 6 138], 12809, 0.012938, 40
[7 11 87], 12800, 0.012929, 40
[7 27 87], 12775, 0.012904, 40
[7 897], 12748, 0.012877, 40
[6 27 83], 12712, 0.012840, 40
[6 7 11 87], 12704, 0.012832, 40
[49], 12702, 0.012830, 41
[25], 12668, 0.012796, 42
[6 27 87], 12653, 0.012781, 42
[11 278], 12631, 0.012759, 42
[11 737], 12606, 0.012733, 42
[6 504], 12555, 0.012682, 42
[11 273], 12555, 0.012682, 42
[1 138], 12450, 0.012576, 42
[6 11 737], 12413, 0.012538, 42
[6 512], 12413, 0.012538, 42
[6 11 273], 12363, 0.012488, 42
[1 7 27], 12352, 0.012477, 42
[3 316], 12342, 0.012467, 42
[6 11 278], 12249, 0.012373, 42
[91], 12248, 0.012372, 43
[6 25], 12218, 0.012341, 43
[6 49], 12209, 0.012332, 43
[364], 12167, 0.012290, 44
[1 3 148], 12165, 0.012288, 44
[7 11 148 218], 12071, 0.012193, 44
[6 7 11 148 218], 12057, 0.012179, 44
[6 7 27 87], 12028, 0.012149, 44
[27 148], 11964, 0.012085, 44
[6 7 897], 11942, 0.012063, 44
[64 218], 11921, 0.012041, 44
[1 6 7 27], 11895, 0.012015, 44
[11 269], 11847, 0.011967, 44
[1 11 64], 11795, 0.011914, 44
[6 364], 11755, 0.011874, 44
[6 27 148], 11727, 0.011845, 44
[1 3 6 148], 11705, 0.011823, 44
[1 6 11 64], 11640, 0.011758, 44
[14], 11607, 0.011724, 45
[11 27 218], 11606, 0.011723, 45
[6 64 218], 11586, 0.011703, 45
[6 11 27 218], 11562, 0.011679, 45
[6 11 269], 11558, 0.011675, 45
[378], 11508, 0.011624, 46
[6 73], 11502, 0.011618, 46
[3 4 6 11], 11494, 0.011610, 46
[155], 11494, 0.011610, 47
[77 218], 11457, 0.011573, 47
[1 11 77], 11434, 0.011549, 47
[11 294], 11412, 0.011527, 47
[11 27 205], 11405, 0.011520, 47
[11 148 987], 11404, 0.011519, 47
[6 11 148 987], 11368, 0.011483, 47
[1 6 11 77], 11340, 0.011455, 47
[6 11 27 205], 11323, 0.011437, 47
[3 11 55], 11323, 0.011437, 47
[7 27 205], 11266, 0.011380, 47
[7 11 205], 11199, 0.011312, 47
[1 6 138], 11193, 0.011306, 47
[6 77 218], 11179, 0.011292, 47
[1 3 11 218], 11176, 0.011289, 47
[6 7 11 205], 11110, 0.011222, 47
[11 512], 11095, 0.011207, 47
[1 3 6 11 218], 11091, 0.011203, 47
[1 90], 11087, 0.011199, 47
[32], 11069, 0.011181, 48
[6 155], 11066, 0.011178, 48
[6 11 512], 11049, 0.011161, 48
[11 314], 10991, 0.011102, 48
[423], 10967, 0.011078, 49
[7 27 83], 10960, 0.011071, 49
[1 6 90], 10923, 0.011033, 49
[11 49], 10899, 0.011009, 49
[1 3 148 218], 10885, 0.010995, 49
[6 7 27 83], 10865, 0.010975, 49
[6 11 49], 10857, 0.010967, 49
[27 278], 10850, 0.010960, 49
[6 11 314], 10844, 0.010954, 49
[27 148 218], 10817, 0.010926, 49
[11 27 148], 10802, 0.010911, 49
[7 278], 10785, 0.010894, 49
[6 11 27 148], 10779, 0.010888, 49
[11 25], 10756, 0.010865, 49
[11 897], 10740, 0.010848, 49
[6 378], 10722, 0.010830, 49
[6 11 25], 10712, 0.010820, 49
[1 2], 10708, 0.010816, 49
[6 27 148 218], 10684, 0.010792, 49
[64 148], 10683, 0.010791, 49
[1 83], 10659, 0.010767, 49
[6 423], 10651, 0.010759, 49
[1 3 6 148 218], 10638, 0.010745, 49
[6 7 27 205], 10630, 0.010737, 49
[6 11 897], 10626, 0.010733, 49
[218 987], 10623, 0.010730, 49
[667], 10616, 0.010723, 50
[11 27 87], 10610, 0.010717, 50
[3 11 83], 10578, 0.010685, 50
[11 27 83], 10559, 0.010666, 50
[1 3 7], 10548, 0.010655, 50
[6 11 27 83], 10546, 0.010653, 50
[1 3 11 148], 10544, 0.010650, 50
[6 11 27 87], 10530, 0.010636, 50
[3 40], 10512, 0.010618, 50
[3 490], 10496, 0.010602, 50
[1 3 6 11 148], 10493, 0.010599, 50
[3 136], 10493, 0.010599, 50
[3 6 11 83], 10487, 0.010593, 50
[6 64 148], 10455, 0.010561, 50
[1 7 11 27], 10384, 0.010489, 50
[11 364], 10372, 0.010477, 50
[77 148], 10354, 0.010459, 50
[6 218 987], 10349, 0.010454, 50
[6 14], 10349, 0.010454, 50
[1 6 7 11 27], 10347, 0.010451, 50
[6 11 364], 10330, 0.010434, 50
[3 446], 10305, 0.010409, 50
[1 6 83], 10293, 0.010397, 50
[27 897], 10270, 0.010374, 50
[6 11 294], 10228, 0.010331, 50
[90 218], 10198, 0.010301, 50
[3 6 11 55], 10195, 0.010298, 50
[6 77 148], 10178, 0.010281, 50
[361], 10122, 0.010224, 51
[28], 10111, 0.010213, 52
[11 504], 10109, 0.010211, 52
[6 32], 10100, 0.010202, 52
[7 11 27 87], 10099, 0.010201, 52
[6 90 218], 10093, 0.010195, 52
[254], 10077, 0.010179, 53
[6 27 278], 10076, 0.010178, 53
[1 11 90], 10047, 0.010148, 53
[229], 10034, 0.010135, 54
[6 7 11 27 87], 10027, 0.010128, 54
[1 6 11 90], 10027, 0.010128, 54
[6 7 278], 10026, 0.010127, 54
[11 64 218], 10008, 0.010109, 54
[6 11 64 218], 9973, 0.010074, 54
[3 69], 9968, 0.010069, 54
[3 6 316], 9956, 0.010057, 54
[7 11 897], 9934, 0.010034, 54
[11 27 148 218], 9925, 0.010025, 54
[6 11 504], 9918, 0.010018, 54
[6 11 27 148 218], 9911, 0.010011, 54
[7 32], 9894, 0.009994, 54
[11 155], 9893, 0.009993, 54
[6 667], 9879, 0.009979, 54
[6 7 11 897], 9853, 0.009953, 54
[6 11 155], 9850, 0.009949, 54
[1 4 6], 9805, 0.009904, 54
[379], 9783, 0.009882, 55
[64 148 218], 9744, 0.009842, 55
[6 254], 9744, 0.009842, 55
[7 27 897], 9740, 0.009838, 55
[11 77 218], 9740, 0.009838, 55
[3 6 40], 9721, 0.009819, 55
[6 11 77 218], 9707, 0.009805, 55
[27 49], 9695, 0.009793, 55
[1 3 11 148 218], 9686, 0.009784, 55
[6 229], 9677, 0.009775, 55
[11 423], 9661, 0.009759, 55
[1 3 6 11 148 218], 9657, 0.009755, 55
[6 361], 9651, 0.009748, 55
[3 11 138], 9649, 0.009746, 55
[1 3 6 7], 9646, 0.009743, 55
[6 27 897], 9644, 0.009741, 55
[6 11 423], 9633, 0.009730, 55
[90 148], 9616, 0.009713, 55
[3 215], 9613, 0.009710, 55
[6 64 148 218], 9597, 0.009694, 55
[28 32], 9569, 0.009666, 55
[321], 9559, 0.009656, 56
[6 90 148], 9522, 0.009618, 56
[2 3 11], 9487, 0.009583, 56
[11 64 148], 9482, 0.009578, 56
[6 27 49], 9466, 0.009562, 56
[6 11 64 148], 9455, 0.009550, 56
[3 205], 9415, 0.009510, 56
[3 6 136], 9413, 0.009508, 56
[6 379], 9413, 0.009508, 56
[1 136], 9398, 0.009493, 56
[148 218 987], 9388, 0.009483, 56
[3 90], 9382, 0.009477, 56
[3 6 11 138], 9373, 0.009468, 56
[747], 9368, 0.009463, 57
[11 90 218], 9341, 0.009435, 57
[77 148 218], 9330, 0.009424, 57
[6 11 90 218], 9329, 0.009423, 57
[11 77 148], 9319, 0.009413, 57
[6 28], 9314, 0.009408, 57
[6 11 77 148], 9293, 0.009387, 57
[1 40], 9268, 0.009362, 57
[6 7 32], 9264, 0.009358, 57
[993], 9231, 0.009324, 58
[6 77 148 218], 9209, 0.009302, 58
[3 303], 9193, 0.009286, 58
[7 28], 9190, 0.009283, 58
[90 148 218], 9187, 0.009280, 58
[3 6 294], 9187, 0.009280, 58
[7 27 218], 9182, 0.009275, 58
[6 148 218 987], 9173, 0.009266, 58
[6 7 27 897], 9165, 0.009258, 58
[640], 9163, 0.009256, 59
[138 218], 9149, 0.009241, 59
[1 11 138], 9128, 0.009220, 59
[7 28 32], 9102, 0.009194, 59
[6 90 148 218], 9099, 0.009191, 59
[1 6 55], 9088, 0.009180, 59
[218 303], 9085, 0.009177, 59
[11 90 148], 9078, 0.009170, 59
[6 11 90 148], 9066, 0.009158, 59
[3 6 90], 9057, 0.009148, 59
[6 7 27 218], 9048, 0.009139, 59
[3 6 69], 9040, 0.009131, 59
[1 6 11 138], 9028, 0.009119, 59
[7 11 27 205], 9001, 0.009092, 59
[6 747], 8992, 0.009083, 59
[916], 8989, 0.009080, 60
[7 11 27 83], 8965, 0.009056, 60
[6 7 11 27 83], 8956, 0.009046, 60
[6 28 32], 8955, 0.009045, 60
[670], 8938, 0.009028, 61
[2 3 6 11], 8934, 0.009024, 61
[6 7 11 27 205], 8932, 0.009022, 61
[1 316], 8927, 0.009017, 61
[1 6 40], 8912, 0.009002, 61
[3 278], 8907, 0.008997, 61
[1 6 136], 8904, 0.008994, 61
[6 218 303], 8895, 0.008985, 61
[1 303], 8860, 0.008949, 61
[46], 8827, 0.008916, 62
[6 138 218], 8818, 0.008907, 62
[1 11 83], 8810, 0.008899, 62
[85], 8801, 0.008890, 63
[86], 8800, 0.008889, 64
[1 6 11 83], 8782, 0.008871, 64
[1 3 27], 8773, 0.008862, 64
[1 2 6], 8769, 0.008858, 64
[11 254], 8767, 0.008856, 64
[21], 8763, 0.008851, 65
[11 64 148 218], 8754, 0.008842, 65
[6 11 64 148 218], 8737, 0.008825, 65
[6 11 254], 8729, 0.008817, 65
[11 218 987], 8690, 0.008778, 65
[3 73], 8689, 0.008777, 65
[11 361], 8687, 0.008775, 65
[11 90 148 218], 8684, 0.008772, 65
[644], 8673, 0.008761, 66
[6 11 90 148 218], 8672, 0.008760, 66
[6 321], 8665, 0.008753, 66
[6 11 218 987], 8660, 0.008747, 66
[1 135], 8660, 0.008747, 66
[6 11 361], 8645, 0.008732, 66
[246], 8642, 0.008729, 67
[6 7 28], 8622, 0.008709, 67
[1644], 8606, 0.008693, 68
[7 27 278], 8604, 0.008691, 68
[3 6 205], 8575, 0.008662, 68
[11 27 278], 8564, 0.008650, 68
[1 6 135], 8548, 0.008634, 68
[11 27 49], 8547, 0.008633, 68
[6 7 28 32], 8541, 0.008627, 68
[3 6 446], 8538, 0.008624, 68
[7 11 278], 8532, 0.008618, 68
[7 77], 8532, 0.008618, 68
[6 916], 8530, 0.008616, 68
[6 11 27 49], 8526, 0.008612, 68
[11 378], 8520, 0.008606, 68
[6 85], 8509, 0.008595, 68
[6 11 27 278], 8499, 0.008585, 68
[148 303], 8498, 0.008584, 68
[7 64], 8498, 0.008584, 68
[11 229], 8492, 0.008578, 68
[11 77 148 218], 8477, 0.008563, 68
[7 85], 8472, 0.008558, 68
[1 6 303], 8462, 0.008547, 68
[6 7 11 278], 8461, 0.008546, 68
[6 11 77 148 218], 8459, 0.008544, 68
[6 11 229], 8450, 0.008535, 68
[662], 8448, 0.008533, 69
[11 379], 8446, 0.008531, 69
[6 11 378], 8438, 0.008523, 69
[11 667], 8421, 0.008506, 69
[6 11 379], 8415, 0.008500, 69
[25 218], 8390, 0.008475, 69
[6 46], 8389, 0.008474, 69
[3 6 215], 8384, 0.008469, 69
[6 21], 8379, 0.008464, 69
[255], 8364, 0.008448, 70
[11 32], 8363, 0.008447, 70
[6 11 667], 8354, 0.008438, 70
[6 148 303], 8354, 0.008438, 70
[7 27 148], 8346, 0.008430, 70
[11 14], 8321, 0.008405, 70
[6 7 77], 8308, 0.008392, 70
[1 438], 8306, 0.008390, 70
[6 25 218], 8303, 0.008387, 70
[6 7 85], 8286, 0.008370, 70
[40 218], 8282, 0.008366, 70
[6 11 32], 8273, 0.008357, 70
[6 7 27 148], 8259, 0.008342, 70
[3 438], 8228, 0.008311, 70
[1 6 438], 8226, 0.008309, 70
[83 218], 8216, 0.008299, 70
[6 11 14], 8201, 0.008284, 70
[3 87], 8192, 0.008275, 70
[3 6 303], 8189, 0.008272, 70
[6 86], 8185, 0.008268, 70
[7 11 27 218], 8172, 0.008255, 70
[6 1644], 8168, 0.008250, 70
[11 490], 8160, 0.008242, 70
[6 7 11 27 218], 8159, 0.008241, 70
[6 7 64], 8158, 0.008240, 70
[259], 8150, 0.008232, 71
[11 148 218 987], 8149, 0.008231, 71
[6 670], 8142, 0.008224, 71
[6 255], 8140, 0.008222, 71
[6 40 218], 8136, 0.008218, 71
[1 6 316], 8134, 0.008216, 71
[6 11 148 218 987], 8124, 0.008206, 71
[230], 8123, 0.008205, 72
[3 11 90], 8119, 0.008201, 72
[1 446], 8119, 0.008201, 72
[3 269], 8104, 0.008186, 72
[1 3 7 11], 8087, 0.008169, 72
[3 6 11 90], 8079, 0.008161, 72
[6 7 27 278], 8078, 0.008160, 72
[6 83 218], 8078, 0.008160, 72
[218 255], 8073, 0.008155, 72
[762], 8071, 0.008153, 73
[7 321], 8069, 0.008150, 73
[27 32], 8068, 0.008149, 73
[11 27 897], 8055, 0.008136, 73
[6 640], 8053, 0.008134, 73
[1 69], 8021, 0.008102, 73
[1 3 6 7 11], 8002, 0.008083, 73
[11 747], 7992, 0.008073, 73
[3 6 438], 7991, 0.008072, 73
[6 11 27 897], 7989, 0.008070, 73
[138 148], 7984, 0.008065, 73
[3 135], 7969, 0.008049, 73
[6 218 255], 7949, 0.008029, 73
[6 11 747], 7948, 0.008028, 73
[1 7 218], 7930, 0.008010, 73
[1 3 6 27], 7920, 0.008000, 73
[290], 7876, 0.007956, 74
[6 259], 7870, 0.007949, 74
[25 148], 7869, 0.007948, 74
[3 11 40], 7866, 0.007945, 74
[1 11 135], 7862, 0.007941, 74
[1 6 11 135], 7848, 0.007927, 74
[11 218 303], 7848, 0.007927, 74
[148 218 303], 7841, 0.007920, 74
[6 230], 7840, 0.007919, 74
[2 7], 7840, 0.007919, 74
[6 11 218 303], 7827, 0.007906, 74
[1 6 7 218], 7826, 0.007905, 74
[521], 7826, 0.007905, 75
[3 11 316], 7817, 0.007896, 75
[7 11 32], 7810, 0.007889, 75
[6 25 148], 7795, 0.007874, 75
[3 6 11 40], 7782, 0.007861, 75
[6 644], 7781, 0.007860, 75
[1 56], 7766, 0.007844, 75
[11 28], 7756, 0.007834, 75
[6 662], 7750, 0.007828, 75
[148 255], 7748, 0.007826, 75
[6 762], 7746, 0.007824, 75
[6 7 11 32], 7745, 0.007823, 75
[1 11 136], 7744, 0.007822, 75
[3 987], 7744, 0.007822, 75
[6 138 148], 7743, 0.007821, 75
[148 218 255], 7739, 0.007817, 75
[25 148 218], 7730, 0.007808, 75
[11 148 303], 7729, 0.007807, 75
[6 148 218 303], 7718, 0.007796, 75
[3 737], 7716, 0.007794, 75
[6 11 148 303], 7711, 0.007789, 75
[540], 7710, 0.007788, 76
[1 6 11 136], 7700, 0.007778, 76
[7 86], 7696, 0.007774, 76
[7 27 32], 7692, 0.007770, 76
[6 11 28], 7680, 0.007758, 76
[1 11 40], 7679, 0.007757, 76
[3 6 135], 7676, 0.007754, 76
[7 11 27 897], 7674, 0.007751, 76
[281], 7673, 0.007750, 77
[145], 7672, 0.007749, 78
[6 25 148 218], 7658, 0.007735, 78
[1 6 69], 7646, 0.007723, 78
[7 11 27 148], 7643, 0.007720, 78
[1 6 11 40], 7641, 0.007718, 78
[6 148 255], 7640, 0.007717, 78
[6 7 11 27 148], 7632, 0.007709, 78
[6 148 218 255], 7632, 0.007709, 78
[1 6 56], 7628, 0.007705, 78
[934], 7621, 0.007698, 79
[1 11 438], 7620, 0.007697, 79
[1 6 11 438], 7615, 0.007692, 79
[6 7 11 27 897], 7613, 0.007690, 79
[7 27 148 218], 7611, 0.007688, 79
[3 11 136], 7611, 0.007688, 79
[584], 7598, 0.007675, 80
[1 273], 7590, 0.007667, 80
[3 6 11 316], 7575, 0.007651, 80
[1 987], 7568, 0.007644, 80
[6 27 32], 7563, 0.007639, 80
[6 7 321], 7560, 0.007636, 80
[6 521], 7556, 0.007632, 80
[777], 7556, 0.007632, 81
[3 11 69], 7552, 0.007628, 81
[6 7 27 148 218], 7551, 0.007627, 81
[40 148], 7548, 0.007624, 81
[6 7 86], 7534, 0.007610, 81
[11 28 32], 7529, 0.007605, 81
[11 916], 7521, 0.007597, 81
[27 28], 7513, 0.007589, 81
[494], 7507, 0.007583, 82
[85 86], 7506, 0.007582, 82
[218 273], 7506, 0.007582, 82
[11 25 218], 7499, 0.007575, 82
[3 6 11 136], 7494, 0.007570, 82
[6 11 25 218], 7488, 0.007564, 82
[6 11 916], 7482, 0.007558, 82
[6 11 28 32], 7471, 0.007546, 82
[7 85 86], 7470, 0.007545, 82
[3 6 87], 7465, 0.007540, 82
[3 273], 7465, 0.007540, 82
[1 11 303], 7461, 0.007536, 82
[3 6 11 69], 7456, 0.007531, 82
[3 7 218], 7445, 0.007520, 82
[1 6 446], 7444, 0.007519, 82
[136 662], 7442, 0.007517, 82
[11 21], 7440, 0.007515, 82
[135 218], 7439, 0.007514, 82
[11 46], 7436, 0.007511, 82
[27 28 32], 7435, 0.007510, 82
[1 6 11 303], 7423, 0.007498, 82
[6 40 148], 7423, 0.007498, 82
[6 281], 7411, 0.007486, 82
[6 11 21], 7404, 0.007479, 82
[6 135 218], 7403, 0.007478, 82
[514], 7402, 0.007477, 83
[6 540], 7401, 0.007476, 83
[6 11 46], 7387, 0.007462, 83
[7 11 77], 7386, 0.007461, 83
[7 138], 7375, 0.007449, 83
[6 7 11 77], 7372, 0.007446, 83
[6 85 86], 7367, 0.007441, 83
[6 218 273], 7357, 0.007431, 83
[6 7 85 86], 7335, 0.007409, 83
[1 7 148], 7332, 0.007406, 83
[142], 7322, 0.007396, 84
[11 138 218], 7318, 0.007392, 84
[83 148], 7302, 0.007376, 84
[1 6 987], 7298, 0.007372, 84
[3 7 87], 7293, 0.007367, 84
[6 11 138 218], 7291, 0.007365, 84
[11 25 148], 7291, 0.007365, 84
[6 11 25 148], 7283, 0.007357, 84
[260], 7282, 0.007356, 85
[6 777], 7278, 0.007352, 85
[633], 7277, 0.007350, 86
[1 6 273], 7268, 0.007341, 86
[6 290], 7267, 0.007340, 86
[7 11 28], 7266, 0.007339, 86
[1 6 7 148], 7263, 0.007336, 86
[6 11 490], 7261, 0.007334, 86
[11 73], 7255, 0.007328, 86
[2 6 7], 7244, 0.007317, 86
[11 255], 7238, 0.007311, 86
[6 7 27 32], 7235, 0.007308, 86
[6 83 148], 7232, 0.007305, 86
[3 11 438], 7230, 0.007303, 86
[3 6 7 218], 7228, 0.007301, 86
[6 11 255], 7219, 0.007292, 86
[11 321], 7212, 0.007285, 86
[357], 7212, 0.007285, 87
[6 7 11 28], 7211, 0.007284, 87
[3 6 11 438], 7209, 0.007282, 87
[7 11 28 32], 7208, 0.007281, 87
[89], 7204, 0.007277, 88
[506], 7178, 0.007250, 89
[3 6 987], 7177, 0.007249, 89
[7 27 28], 7176, 0.007248, 89
[138 148 218], 7171, 0.007243, 89
[11 25 148 218], 7163, 0.007235, 89
[6 11 25 148 218], 7155, 0.007227, 89
[11 148 218 303], 7155, 0.007227, 89
[491], 7154, 0.007226, 90
[6 7 11 28 32], 7153, 0.007225, 90
[27 321], 7143, 0.007215, 90
[6 11 148 218 303], 7140, 0.007212, 90
[6 11 321], 7140, 0.007212, 90
[3 6 278], 7138, 0.007210, 90
[2 218], 7131, 0.007203, 90
[11 1644], 7123, 0.007195, 90
[218 254], 7123, 0.007195, 90
[7 27 28 32], 7121, 0.007193, 90
[11 83 218], 7116, 0.007188, 90
[3 7 83], 7113, 0.007185, 90
[1132], 7113, 0.007185, 91
[11 218 255], 7111, 0.007183, 91
[6 11 83 218], 7108, 0.007180, 91
[6 11 218 255], 7100, 0.007172, 91
[7 11 64], 7097, 0.007169, 91
[1 11 316], 7083, 0.007155, 91
[6 11 1644], 7082, 0.007154, 91
[218 316], 7082, 0.007154, 91
[11 259], 7075, 0.007146, 91
[6 260], 7069, 0.007140, 91
[1 7 11 218], 7063, 0.007134, 91
[6 27 28], 7061, 0.007132, 91
[6 7 11 64], 7060, 0.007131, 91
[6 7 138], 7060, 0.007131, 91
[1 6 7 11 218], 7055, 0.007126, 91
[265], 7054, 0.007125, 92
[531], 7052, 0.007123, 93
[6 11 259], 7050, 0.007121, 93
[218 512], 7050, 0.007121, 93
[1 2 11], 7044, 0.007115, 93
[6 136 662], 7043, 0.007114, 93
[6 218 254], 7027, 0.007098, 93
[7 11 27 148 218], 7026, 0.007097, 93
[6 506], 7022, 0.007093, 93
[3 6 7 83], 7020, 0.007091, 93
[6 7 11 27 148 218], 7018, 0.007089, 93
[11 148 255], 7011, 0.007082, 93
[1 6 11 316], 7006, 0.007077, 93
[11 148 218 255], 7004, 0.007075, 93
[1 11 56], 7001, 0.007072, 93
[6 11 148 255], 7000, 0.007071, 93
[11 230], 6997, 0.007068, 93
[6 138 148 218], 6995, 0.007066, 93
[6 11 148 218 255], 6993, 0.007064, 93
[3 11 215], 6993, 0.007064, 93
[6 27 28 32], 6989, 0.007060, 93
[1 6 11 56], 6987, 0.007058, 93
[136 218], 6987, 0.007058, 93
[6 218 512], 6980, 0.007050, 93
[6 514], 6976, 0.007046, 93
[6 494], 6973, 0.007043, 93
[6 357], 6971, 0.007041, 93
[1 269], 6971, 0.007041, 93
[6 89], 6968, 0.007038, 93
[6 11 230], 6966, 0.007036, 93
[3 11 205], 6964, 0.007034, 93
[6 91], 6959, 0.007029, 93
[6 142], 6957, 0.007027, 93
[2952], 6933, 0.007003, 94
[6 491], 6929, 0.006999, 94
[11 40 218], 6927, 0.006997, 94
[11 762], 6927, 0.006997, 94
[1 215], 6926, 0.006996, 94
[27 64], 6918, 0.006988, 94
[7 11 27 278], 6914, 0.006984, 94
[6 11 40 218], 6909, 0.006979, 94
[6 1132], 6909, 0.006979, 94
[6 218 316], 6897, 0.006967, 94
[6 11 762], 6887, 0.006957, 94
[3 6 11 205], 6883, 0.006953, 94
[69 218], 6883, 0.006953, 94
[3 6 11 215], 6880, 0.006949, 94
[135 148], 6880, 0.006949, 94
[1 2 6 11], 6874, 0.006943, 94
[6 934], 6870, 0.006939, 94
[6 7 11 27 278], 6866, 0.006935, 94
[11 138 148], 6857, 0.006926, 94
[155 218], 6856, 0.006925, 94
[83 85], 6853, 0.006922, 94
[6 135 148], 6850, 0.006919, 94
[40 148 218], 6848, 0.006917, 94
[492], 6843, 0.006912, 95
[1025], 6839, 0.006908, 96
[1 25], 6836, 0.006905, 96
[3 56], 6833, 0.006902, 96
[6 11 138 148], 6830, 0.006899, 96
[6 83 85], 6829, 0.006898, 96
[3 11 135], 6827, 0.006896, 96
[7 83 85], 6819, 0.006888, 96
[3 6 7 87], 6816, 0.006885, 96
[27 77], 6816, 0.006885, 96
[11 135 218], 6814, 0.006883, 96
[6 136 218], 6813, 0.006882, 96
[3 11 303], 6811, 0.006880, 96
[11 521], 6811, 0.006880, 96
[148 254], 6811, 0.006880, 96
[6 11 135 218], 6808, 0.006877, 96
[1 7 148 218], 6801, 0.006870, 96
[6 7 83 85], 6796, 0.006865, 96
[3 6 11 135], 6792, 0.006861, 96
[6 155 218], 6788, 0.006857, 96
[6 584], 6784, 0.006853, 96
[3 6 737], 6781, 0.006849, 96
[1 4 11], 6781, 0.006849, 96
[6 633], 6781, 0.006849, 96
[11 670], 6780, 0.006848, 96
[6 11 521], 6779, 0.006847, 96
[522], 6773, 0.006841, 97
[6 69 218], 6771, 0.006839, 97
[6 7 27 28], 6761, 0.006829, 97
[1 7 11 148], 6750, 0.006818, 97
[1 11 69], 6750, 0.006818, 97
[1 6 7 148 218], 6748, 0.006816, 97
[6 40 148 218], 6748, 0.006816, 97
[2 6 218], 6746, 0.006814, 97
[1 6 7 11 148], 6743, 0.006811, 97
[11 85], 6730, 0.006798, 97
[6 531], 6729, 0.006797, 97
[148 273], 6727, 0.006795, 97
[6 148 254], 6725, 0.006793, 97
[6 2952], 6715, 0.006783, 97
[218 364], 6715, 0.006783, 97
[1 6 11 69], 6709, 0.006777, 97
[6 7 27 28 32], 6707, 0.006775, 97
[6 11 85], 6705, 0.006773, 97
[3 6 11 303], 6704, 0.006772, 97
[1 6 25], 6704, 0.006772, 97
[1 3 11 27], 6703, 0.006771, 97
[6 11 670], 6703, 0.006771, 97
[148 218 254], 6700, 0.006768, 97
[4 7], 6693, 0.006761, 97
[1 205], 6692, 0.006760, 97
[218 504], 6687, 0.006755, 97
[6 27 321], 6679, 0.006746, 97
[6 218 364], 6675, 0.006742, 97
[148 512], 6666, 0.006733, 97
[3 6 273], 6665, 0.006732, 97
[11 40 148], 6659, 0.006726, 97
[55 218], 6659, 0.006726, 97
[1 3 64], 6656, 0.006723, 97
[3 11 446], 6654, 0.006721, 97
[1 512], 6649, 0.006716, 97
[4 218], 6648, 0.006715, 97
[71], 6643, 0.006710, 98
[6 11 40 148], 6642, 0.006709, 98
[11 83 148], 6633, 0.006700, 98
[6 27 64], 6631, 0.006698, 98
[11 540], 6629, 0.006696, 98
[6 11 83 148], 6628, 0.006695, 98
[6 148 273], 6628, 0.006695, 98
[56 218], 6627, 0.006694, 98
[1 3 6 11 27], 6624, 0.006691, 98
[3 6 269], 6623, 0.006690, 98
[83 148 218], 6621, 0.006688, 98
[6 148 218 254], 6617, 0.006684, 98
[1 3 4], 6617, 0.006684, 98
[6 27 77], 6614, 0.006681, 98
[6 11 540], 6608, 0.006675, 98
[1 11 55], 6608, 0.006675, 98
[7 11 85], 6604, 0.006671, 98
[6 148 512], 6601, 0.006668, 98
[6 56 218], 6596, 0.006663, 98
[6 7 11 85], 6586, 0.006653, 98
[6 11 73], 6585, 0.006652, 98
[3 6 56], 6584, 0.006650, 98
[45], 6581, 0.006647, 99
[6 1025], 6579, 0.006645, 99
[11 777], 6579, 0.006645, 99
[6 83 148 218], 6570, 0.006636, 99
[6 11 777], 6549, 0.006615, 99
[11 135 148], 6549, 0.006615, 99
[6 11 135 148], 6543, 0.006609, 99
[6 522], 6543, 0.006609, 99
[1 6 512], 6538, 0.006604, 99
[7 27 321], 6530, 0.006596, 99
[6 218 504], 6529, 0.006595, 99
[11 506], 6529, 0.006595, 99
[11 281], 6529, 0.006595, 99
[11 640], 6515, 0.006581, 99
[6 11 506], 6510, 0.006576, 99
[135 148 218], 6508, 0.006574, 99
[218 438], 6508, 0.006574, 99
[3 7 148], 6505, 0.006571, 99
[6 11 281], 6504, 0.006570, 99
[218 446], 6502, 0.006568, 99
[83 86], 6501, 0.006567, 99
[6 218 438], 6495, 0.006561, 99
[6 135 148 218], 6486, 0.006552, 99
[1 148 987], 6485, 0.006550, 99
[1 6 215], 6476, 0.006541, 99
[3 6 11 446], 6475, 0.006540, 99
[233], 6468, 0.006533, 100
[6 83 86], 6465, 0.006530, 100
[1838], 6465, 0.006530, 101
[1 27 218], 6463, 0.006528, 101
[11 86], 6463, 0.006528, 101
[1 6 269], 6460, 0.006525, 101
[11 662], 6458, 0.006523, 101
[6 993], 6457, 0.006522, 101
[148 218 512], 6448, 0.006513, 101
[632], 6444, 0.006509, 102
[148 155], 6443, 0.006508, 102
[148 316], 6437, 0.006502, 102
[7 83 86], 6436, 0.006501, 102
[11 218 512], 6427, 0.006492, 102
[6 11 218 512], 6420, 0.006485, 102
[218 229], 6419, 0.006484, 102
[6 11 640], 6413, 0.006478, 102
[11 27 32], 6408, 0.006473, 102
[6 11 86], 6407, 0.006472, 102
[6 7 83 86], 6405, 0.006470, 102
[11 218 273], 6403, 0.006468, 102
[7 11 321], 6402, 0.006467, 102
[11 644], 6402, 0.006467, 102
[3 504], 6401, 0.006466, 102
[11 218 254], 6399, 0.006464, 102
[435], 6397, 0.006462, 103
[3 6 7 148], 6394, 0.006459, 103
[6 71], 6393, 0.006458, 103
[1 364], 6393, 0.006458, 103
[3 314], 6392, 0.006457, 103
[6 11 218 273], 6389, 0.006454, 103
[6 11 218 254], 6386, 0.006450, 103
[6 148 218 512], 6386, 0.006450, 103
[6 148 155], 6386, 0.006450, 103
[64 77], 6386, 0.006450, 103
[3 27 205], 6385, 0.006449, 103
[1 6 27 218], 6384, 0.006448, 103
[1 6 148 987], 6378, 0.006442, 103
[6 11 662], 6374, 0.006438, 103
[6 218 229], 6367, 0.006431, 103
[6 218 446], 6360, 0.006424, 103
[6 7 11 321], 6359, 0.006423, 103
[6 11 27 32], 6359, 0.006423, 103
[6 265], 6359, 0.006423, 103
[83 85 86], 6358, 0.006422, 103
[1 11 273], 6356, 0.006420, 103
[1 11 446], 6349, 0.006413, 103
[3 6 490], 6347, 0.006411, 103
[1 6 205], 6341, 0.006405, 103
[7 83 85 86], 6339, 0.006403, 103
[1 4 6 11], 6339, 0.006403, 103
[6 83 85 86], 6336, 0.006400, 103
[7 934], 6336, 0.006400, 103
[3 897], 6333, 0.006397, 103
[11 260], 6330, 0.006394, 103
[6 492], 6329, 0.006393, 103
[1 6 11 273], 6323, 0.006387, 103
[6 148 316], 6323, 0.006387, 103
[6 7 83 85 86], 6318, 0.006382, 103
[6 45], 6318, 0.006382, 103
[148 218 273], 6317, 0.006381, 103
[11 514], 6317, 0.006381, 103
[6 11 260], 6313, 0.006377, 103
[1 11 987], 6313, 0.006377, 103
[6 11 644], 6312, 0.006376, 103
[3 7 11 218], 6307, 0.006371, 103
[1 6 364], 6305, 0.006369, 103
[148 364], 6305, 0.006369, 103
[1 90 218], 6303, 0.006367, 103
[3 7 205], 6301, 0.006365, 103
[1 6 11 987], 6291, 0.006355, 103
[1 155], 6291, 0.006355, 103
[473], 6291, 0.006355, 104
[1 7 11 148 218], 6290, 0.006354, 104
[1 6 11 446], 6288, 0.006352, 104
[1 6 7 11 148 218], 6287, 0.006350, 104
[3 6 7 11 218], 6286, 0.006349, 104
[148 155 218], 6283, 0.006346, 104
[11 148 254], 6281, 0.006344, 104
[6 11 514], 6276, 0.006339, 104
[6 148 364], 6274, 0.006337, 104
[6 11 148 254], 6272, 0.006335, 104
[1 6 90 218], 6262, 0.006325, 104
[11 357], 6259, 0.006322, 104
[237], 6257, 0.006320, 105
[537], 6248, 0.006311, 106
[6 233], 6246, 0.006309, 106
[11 1132], 6246, 0.006309, 106
[11 138 148 218], 6245, 0.006308, 106
[11 148 512], 6244, 0.006307, 106
[6 11 148 512], 6237, 0.006300, 106
[1 6 11 55], 6234, 0.006297, 106
[6 11 357], 6232, 0.006295, 106
[6 148 218 273], 6231, 0.006294, 106
[11 155 218], 6231, 0.006294, 106
[6 148 155 218], 6228, 0.006291, 106
[6 11 138 148 218], 6227, 0.006290, 106
[6 11 155 218], 6226, 0.006289, 106
[6 11 1132], 6222, 0.006285, 106
[136 148], 6215, 0.006278, 106
[6 1838], 6213, 0.006276, 106
[2 148], 6212, 0.006275, 106
[11 135 148 218], 6210, 0.006273, 106
[11 491], 6210, 0.006273, 106
[6 64 77], 6207, 0.006270, 106
[6 11 135 148 218], 6205, 0.006268, 106
[218 269], 6201, 0.006264, 106
[6 11 491], 6192, 0.006255, 106
[1 6 155], 6190, 0.006253, 106
[11 89], 6185, 0.006247, 106
[56 148], 6185, 0.006247, 106
[1144], 6185, 0.006247, 107
[686], 6182, 0.006244, 108
[11 148 218 254], 6179, 0.006241, 108
[845], 6176, 0.006238, 109
[470], 6172, 0.006234, 110
[6 11 148 218 254], 6170, 0.006232, 110
[2 7 11], 6170, 0.006232, 110
[6 56 148], 6167, 0.006229, 110
[6 11 89], 6162, 0.006224, 110
[3 11 87], 6161, 0.006223, 110
[7 11 27 32], 6156, 0.006218, 110
[6 7 27 321], 6153, 0.006215, 110
[11 218 316], 6152, 0.006214, 110
[1 3 77], 6151, 0.006213, 110
[69 148], 6147, 0.006209, 110
[148 438], 6145, 0.006207, 110
[6 148 438], 6140, 0.006202, 110
[235], 6133, 0.006195, 111
[358], 6131, 0.006193, 112
[6 11 218 316], 6130, 0.006192, 112
[11 142], 6126, 0.006188, 112
[648], 6123, 0.006185, 113
[2 6 7 11], 6122, 0.006184, 113
[11 218 438], 6112, 0.006174, 113
[6 7 11 27 32], 6110, 0.006172, 113
[11 494], 6110, 0.006172, 113
[6 11 218 438], 6109, 0.006171, 113
[11 148 273], 6106, 0.006168, 113
[6 11 148 273], 6099, 0.006161, 113
[7 11 86], 6099, 0.006161, 113
[11 2952], 6099, 0.006161, 113
[148 218 364], 6098, 0.006160, 113
[3 6 11 87], 6097, 0.006159, 113
[11 56 218], 6093, 0.006155, 113
[11 40 148 218], 6092, 0.006154, 113
[6 435], 6092, 0.006154, 113
[1 737], 6091, 0.006153, 113
[6 136 148], 6090, 0.006152, 113
[6 11 56 218], 6088, 0.006149, 113
[6 7 11 86], 6087, 0.006148, 113
[6 69 148], 6083, 0.006144, 113
[6 11 142], 6082, 0.006143, 113
[6 11 40 148 218], 6078, 0.006139, 113
[6 11 2952], 6078, 0.006139, 113
[1 11 25], 6078, 0.006139, 113
[11 218 364], 6077, 0.006138, 113
[6 148 218 364], 6071, 0.006132, 113
[6 11 218 364], 6071, 0.006132, 113
[1 6 11 25], 6067, 0.006128, 113
[148 504], 6066, 0.006127, 113
[6 537], 6064, 0.006125, 113
[27 215], 6063, 0.006124, 113
[6 11 494], 6060, 0.006121, 113
[11 83 148 218], 6057, 0.006118, 113
[11 531], 6055, 0.006116, 113
[6 11 83 148 218], 6052, 0.006113, 113
[1 3 6 64], 6050, 0.006111, 113
[1 27 148], 6048, 0.006109, 113
[6 218 269], 6044, 0.006105, 113
[11 148 155], 6043, 0.006104, 113
[11 148 218 512], 6041, 0.006102, 113
[6 11 148 155], 6038, 0.006099, 113
[7 11 138], 6037, 0.006098, 113
[27 85], 6035, 0.006096, 113
[7 55], 6035, 0.006096, 113
[6 11 148 218 512], 6034, 0.006095, 113
[6 473], 6028, 0.006089, 113
[1 64 218], 6023, 0.006084, 113
[6 237], 6016, 0.006077, 113
[3 6 27 205], 6015, 0.006076, 113
[6 7 11 138], 6012, 0.006073, 113
[1 11 512], 6012, 0.006073, 113
[3 27 87], 6008, 0.006069, 113
[2 6 148], 6007, 0.006068, 113
[6 470], 6007, 0.006068, 113
[11 290], 6006, 0.006067, 113
[6 11 531], 6005, 0.006066, 113
[1 6 11 512], 6002, 0.006063, 113
[1 294], 5996, 0.006057, 113
[7 27 85], 5987, 0.006047, 113
[1 90 148], 5984, 0.006044, 113
[1 6 27 148], 5982, 0.006042, 113
[11 27 28], 5981, 0.006041, 113
[158], 5977, 0.006037, 114
[6 55 218], 5975, 0.006035, 114
[568], 5975, 0.006035, 115
[148 229], 5974, 0.006034, 115
[11 69 218], 5973, 0.006033, 115
[11 85 86], 5969, 0.006029, 115
[11 136 662], 5964, 0.006024, 115
[6 11 69 218], 5960, 0.006020, 115
[11 27 77], 5958, 0.006018, 115
[6 11 85 86], 5956, 0.006016, 115
[6 235], 5955, 0.006015, 115
[6 148 504], 5952, 0.006012, 115
[6 11 290], 5949, 0.006009, 115
[1 6 90 148], 5948, 0.006008, 115
[1 314], 5948, 0.006008, 115
[152], 5947, 0.006007, 116
[6 11 27 77], 5946, 0.006006, 116
[6 7 934], 5946, 0.006006, 116
[6 11 27 28], 5943, 0.006003, 116
[1 504], 5941, 0.006001, 116
